0	0	0.32
0	1	0.368
0	2	0.398
0	3	0.425
0	4	0.421
0	5	0.436
0	6	0.426
0	7	0.442
0	8	0.445
0	9	0.446
0	10	0.452
0	11	0.483
0	12	0.514
0	13	0.536
0	14	0.486
0	15	0.412
0	16	0.378
0	17	0.404
0	18	0.418
0	19	0.393
0	20	0.342
0	21	0.387
0	22	0.397
0	23	0.374
0	24	0.414
0	25	0.441
0	26	0.473
0	27	0.493
0	28	0.476
0	29	0.483
0	30	0.504
0	31	0.527
0	32	0.495
0	33	0.512
0	34	0.531
0	35	0.579
0	36	0.553
0	37	0.576
0	38	0.395
0	39	0.374
0	40	0.357
0	41	0.357
0	42	0.357
0	43	0.357
0	44	0.357
0	45	0.357
0	46	0.357
0	47	0.357
0	48	0.388
0	49	0.401
1	0	0.408
1	1	0.333
1	2	0.398
1	3	0.454
1	4	0.497
1	5	0.48
1	6	0.446
1	7	0.437
1	8	0.468
1	9	0.461
1	10	0.446
1	11	0.457
1	12	0.486
1	13	0.497
1	14	0.512
1	15	0.463
1	16	0.397
1	17	0.366
1	18	0.392
1	19	0.412
1	20	0.401
1	21	0.34
1	22	0.381
1	23	0.376
1	24	0.382
1	25	0.42
1	26	0.435
1	27	0.451
1	28	0.476
1	29	0.473
1	30	0.475
1	31	0.495
1	32	0.502
1	33	0.48
1	34	0.501
1	35	0.541
1	36	0.571
1	37	0.521
1	38	0.535
1	39	0.391
1	40	0.361
1	41	0.357
1	42	0.357
1	43	0.357
1	44	0.357
1	45	0.357
1	46	0.357
1	47	0.357
1	48	0.357
1	49	0.389
2	0	0.397
2	1	0.42
2	2	0.35
2	3	0.4
2	4	0.462
2	5	0.501
2	6	0.498
2	7	0.485
2	8	0.459
2	9	0.489
2	10	0.47
2	11	0.445
2	12	0.458
2	13	0.472
2	14	0.487
2	15	0.469
2	16	0.422
2	17	0.383
2	18	0.366
2	19	0.385
2	20	0.408
2	21	0.419
2	22	0.333
2	23	0.381
2	24	0.365
2	25	0.403
2	26	0.424
2	27	0.434
2	28	0.451
2	29	0.484
2	30	0.469
2	31	0.463
2	32	0.479
2	33	0.473
2	34	0.473
2	35	0.491
2	36	0.539
2	37	0.572
2	38	0.488
2	39	0.514
2	40	0.398
2	41	0.36
2	42	0.357
2	43	0.357
2	44	0.381
2	45	0.357
2	46	0.357
2	47	0.357
2	48	0.357
2	49	0.38
3	0	0.396
3	1	0.393
3	2	0.425
3	3	0.362
3	4	0.394
3	5	0.431
3	6	0.459
3	7	0.506
3	8	0.487
3	9	0.458
3	10	0.487
3	11	0.474
3	12	0.45
3	13	0.466
3	14	0.454
3	15	0.464
3	16	0.458
3	17	0.413
3	18	0.369
3	19	0.363
3	20	0.38
3	21	0.408
3	22	0.435
3	23	0.331
3	24	0.364
3	25	0.37
3	26	0.415
3	27	0.432
3	28	0.435
3	29	0.447
3	30	0.497
3	31	0.475
3	32	0.454
3	33	0.465
3	34	0.459
3	35	0.467
3	36	0.481
3	37	0.523
3	38	0.561
3	39	0.48
3	40	0.492
3	41	0.413
3	42	0.357
3	43	0.357
3	44	0.357
3	45	0.369
3	46	0.357
3	47	0.357
3	48	0.357
3	49	0.363
4	0	0.397
4	1	0.402
4	2	0.393
4	3	0.422
4	4	0.373
4	5	0.388
4	6	0.403
4	7	0.425
4	8	0.456
4	9	0.45
4	10	0.443
4	11	0.477
4	12	0.479
4	13	0.447
4	14	0.452
4	15	0.444
4	16	0.44
4	17	0.434
4	18	0.421
4	19	0.37
4	20	0.356
4	21	0.38
4	22	0.413
4	23	0.431
4	24	0.343
4	25	0.342
4	26	0.374
4	27	0.432
4	28	0.436
4	29	0.436
4	30	0.455
4	31	0.502
4	32	0.478
4	33	0.453
4	34	0.456
4	35	0.452
4	36	0.464
4	37	0.484
4	38	0.522
4	39	0.535
4	40	0.471
4	41	0.466
4	42	0.429
4	43	0.357
4	44	0.357
4	45	0.357
4	46	0.357
4	47	0.357
4	48	0.357
4	49	0.357
5	0	0.376
5	1	0.414
5	2	0.41
5	3	0.397
5	4	0.423
5	5	0.375
5	6	0.38
5	7	0.388
5	8	0.409
5	9	0.426
5	10	0.43
5	11	0.424
5	12	0.471
5	13	0.479
5	14	0.438
5	15	0.439
5	16	0.438
5	17	0.43
5	18	0.423
5	19	0.412
5	20	0.37
5	21	0.358
5	22	0.369
5	23	0.412
5	24	0.408
5	25	0.313
5	26	0.365
5	27	0.406
5	28	0.457
5	29	0.435
5	30	0.44
5	31	0.476
5	32	0.516
5	33	0.481
5	34	0.445
5	35	0.448
5	36	0.46
5	37	0.488
5	38	0.495
5	39	0.506
5	40	0.503
5	41	0.439
5	42	0.442
5	43	0.405
5	44	0.357
5	45	0.357
5	46	0.357
5	47	0.357
5	48	0.357
5	49	0.357
6	0	0.357
6	1	0.39
6	2	0.432
6	3	0.405
6	4	0.399
6	5	0.421
6	6	0.372
6	7	0.377
6	8	0.384
6	9	0.394
6	10	0.408
6	11	0.411
6	12	0.423
6	13	0.471
6	14	0.472
6	15	0.434
6	16	0.429
6	17	0.429
6	18	0.429
6	19	0.419
6	20	0.408
6	21	0.37
6	22	0.356
6	23	0.366
6	24	0.4
6	25	0.372
6	26	0.302
6	27	0.344
6	28	0.445
6	29	0.477
6	30	0.434
6	31	0.444
6	32	0.49
6	33	0.52
6	34	0.481
6	35	0.438
6	36	0.438
6	37	0.484
6	38	0.504
6	39	0.496
6	40	0.487
6	41	0.455
6	42	0.415
6	43	0.425
6	44	0.379
6	45	0.357
6	46	0.357
6	47	0.357
6	48	0.357
6	49	0.357
7	0	0.357
7	1	0.367
7	2	0.407
7	3	0.439
7	4	0.398
7	5	0.403
7	6	0.426
7	7	0.369
7	8	0.367
7	9	0.385
7	10	0.388
7	11	0.4
7	12	0.407
7	13	0.43
7	14	0.469
7	15	0.446
7	16	0.427
7	17	0.424
7	18	0.422
7	19	0.422
7	20	0.415
7	21	0.4
7	22	0.37
7	23	0.354
7	24	0.363
7	25	0.383
7	26	0.347
7	27	0.3
7	28	0.356
7	29	0.472
7	30	0.494
7	31	0.435
7	32	0.447
7	33	0.487
7	34	0.508
7	35	0.455
7	36	0.431
7	37	0.441
7	38	0.523
7	39	0.52
7	40	0.499
7	41	0.457
7	42	0.421
7	43	0.41
7	44	0.408
7	45	0.37
7	46	0.357
7	47	0.357
7	48	0.357
7	49	0.357
8	0	0.357
8	1	0.357
8	2	0.377
8	3	0.431
8	4	0.435
8	5	0.407
8	6	0.41
8	7	0.429
8	8	0.357
8	9	0.359
8	10	0.384
8	11	0.389
8	12	0.405
8	13	0.417
8	14	0.435
8	15	0.465
8	16	0.444
8	17	0.422
8	18	0.422
8	19	0.42
8	20	0.419
8	21	0.408
8	22	0.389
8	23	0.373
8	24	0.353
8	25	0.361
8	26	0.369
8	27	0.325
8	28	0.306
8	29	0.398
8	30	0.497
8	31	0.493
8	32	0.439
8	33	0.451
8	34	0.465
8	35	0.464
8	36	0.427
8	37	0.428
8	38	0.456
8	39	0.554
8	40	0.535
8	41	0.512
8	42	0.432
8	43	0.423
8	44	0.404
8	45	0.397
8	46	0.361
8	47	0.357
8	48	0.357
8	49	0.357
9	0	0.357
9	1	0.357
9	2	0.357
9	3	0.396
9	4	0.432
9	5	0.449
9	6	0.412
9	7	0.414
9	8	0.428
9	9	0.334
9	10	0.356
9	11	0.381
9	12	0.405
9	13	0.415
9	14	0.422
9	15	0.44
9	16	0.463
9	17	0.451
9	18	0.42
9	19	0.422
9	20	0.423
9	21	0.42
9	22	0.406
9	23	0.385
9	24	0.372
9	25	0.349
9	26	0.359
9	27	0.354
9	28	0.295
9	29	0.329
9	30	0.444
9	31	0.51
9	32	0.474
9	33	0.434
9	34	0.454
9	35	0.456
9	36	0.432
9	37	0.413
9	38	0.433
9	39	0.472
9	40	0.537
9	41	0.542
9	42	0.479
9	43	0.424
9	44	0.421
9	45	0.397
9	46	0.391
9	47	0.357
9	48	0.357
9	49	0.357
10	0	0.357
10	1	0.357
10	2	0.357
10	3	0.357
10	4	0.413
10	5	0.429
10	6	0.48
10	7	0.409
10	8	0.428
10	9	0.427
10	10	0.326
10	11	0.35
10	12	0.385
10	13	0.408
10	14	0.417
10	15	0.424
10	16	0.444
10	17	0.462
10	18	0.453
10	19	0.421
10	20	0.426
10	21	0.428
10	22	0.423
10	23	0.406
10	24	0.386
10	25	0.369
10	26	0.344
10	27	0.355
10	28	0.331
10	29	0.294
10	30	0.36
10	31	0.463
10	32	0.494
10	33	0.456
10	34	0.432
10	35	0.443
10	36	0.445
10	37	0.425
10	38	0.409
10	39	0.436
10	40	0.473
10	41	0.507
10	42	0.53
10	43	0.44
10	44	0.426
10	45	0.419
10	46	0.4
10	47	0.383
10	48	0.357
10	49	0.357
11	0	0.357
11	1	0.357
11	2	0.357
11	3	0.357
11	4	0.357
11	5	0.407
11	6	0.452
11	7	0.489
11	8	0.41
11	9	0.429
11	10	0.425
11	11	0.323
11	12	0.346
11	13	0.387
11	14	0.395
11	15	0.411
11	16	0.426
11	17	0.449
11	18	0.45
11	19	0.444
11	20	0.424
11	21	0.436
11	22	0.437
11	23	0.427
11	24	0.408
11	25	0.386
11	26	0.365
11	27	0.343
11	28	0.346
11	29	0.313
11	30	0.298
11	31	0.395
11	32	0.473
11	33	0.477
11	34	0.443
11	35	0.429
11	36	0.439
11	37	0.442
11	38	0.409
11	39	0.426
11	40	0.441
11	41	0.464
11	42	0.484
11	43	0.503
11	44	0.424
11	45	0.425
11	46	0.42
11	47	0.458
11	48	0.37
11	49	0.357
12	0	0.357
12	1	0.357
12	2	0.357
12	3	0.357
12	4	0.357
12	5	0.368
12	6	0.4
12	7	0.449
12	8	0.444
12	9	0.415
12	10	0.425
12	11	0.425
12	12	0.322
12	13	0.349
12	14	0.382
12	15	0.384
12	16	0.403
12	17	0.424
12	18	0.449
12	19	0.449
12	20	0.429
12	21	0.423
12	22	0.448
12	23	0.446
12	24	0.432
12	25	0.405
12	26	0.383
12	27	0.364
12	28	0.341
12	29	0.335
12	30	0.293
12	31	0.317
12	32	0.432
12	33	0.477
12	34	0.464
12	35	0.428
12	36	0.424
12	37	0.444
12	38	0.445
12	39	0.409
12	40	0.434
12	41	0.446
12	42	0.453
12	43	0.484
12	44	0.482
12	45	0.424
12	46	0.427
12	47	0.407
12	48	0.471
12	49	0.366
13	0	0.357
13	1	0.357
13	2	0.357
13	3	0.357
13	4	0.357
13	5	0.357
13	6	0.381
13	7	0.399
13	8	0.424
13	9	0.412
13	10	0.413
13	11	0.419
13	12	0.425
13	13	0.325
13	14	0.36
13	15	0.387
13	16	0.394
13	17	0.402
13	18	0.423
13	19	0.44
13	20	0.437
13	21	0.421
13	22	0.432
13	23	0.465
13	24	0.462
13	25	0.443
13	26	0.405
13	27	0.383
13	28	0.36
13	29	0.339
13	30	0.322
13	31	0.288
13	32	0.343
13	33	0.454
13	34	0.474
13	35	0.445
13	36	0.412
13	37	0.437
13	38	0.473
13	39	0.463
13	40	0.423
13	41	0.442
13	42	0.448
13	43	0.449
13	44	0.477
13	45	0.444
13	46	0.43
13	47	0.44
13	48	0.393
13	49	0.417
14	0	0.363
14	1	0.357
14	2	0.357
14	3	0.357
14	4	0.357
14	5	0.357
14	6	0.357
14	7	0.384
14	8	0.406
14	9	0.407
14	10	0.399
14	11	0.408
14	12	0.417
14	13	0.425
14	14	0.328
14	15	0.38
14	16	0.405
14	17	0.409
14	18	0.409
14	19	0.418
14	20	0.424
14	21	0.419
14	22	0.413
14	23	0.454
14	24	0.49
14	25	0.474
14	26	0.441
14	27	0.407
14	28	0.381
14	29	0.359
14	30	0.338
14	31	0.3
14	32	0.296
14	33	0.377
14	34	0.457
14	35	0.458
14	36	0.422
14	37	0.407
14	38	0.453
14	39	0.483
14	40	0.468
14	41	0.428
14	42	0.443
14	43	0.448
14	44	0.445
14	45	0.452
14	46	0.412
14	47	0.433
14	48	0.41
14	49	0.386
15	0	0.406
15	1	0.357
15	2	0.357
15	3	0.357
15	4	0.357
15	5	0.357
15	6	0.357
15	7	0.37
15	8	0.389
15	9	0.4
15	10	0.397
15	11	0.398
15	12	0.412
15	13	0.417
15	14	0.424
15	15	0.343
15	16	0.393
15	17	0.45
15	18	0.434
15	19	0.415
15	20	0.413
15	21	0.412
15	22	0.406
15	23	0.403
15	24	0.461
15	25	0.513
15	26	0.49
15	27	0.44
15	28	0.4
15	29	0.374
15	30	0.348
15	31	0.328
15	32	0.288
15	33	0.32
15	34	0.391
15	35	0.439
15	36	0.433
15	37	0.401
15	38	0.411
15	39	0.459
15	40	0.481
15	41	0.454
15	42	0.428
15	43	0.444
15	44	0.447
15	45	0.438
15	46	0.426
15	47	0.404
15	48	0.415
15	49	0.369
16	0	0.376
16	1	0.381
16	2	0.357
16	3	0.357
16	4	0.357
16	5	0.357
16	6	0.357
16	7	0.357
16	8	0.369
16	9	0.389
16	10	0.395
16	11	0.394
16	12	0.399
16	13	0.412
16	14	0.416
16	15	0.425
16	16	0.355
16	17	0.4
16	18	0.456
16	19	0.444
16	20	0.418
16	21	0.41
16	22	0.404
16	23	0.394
16	24	0.407
16	25	0.458
16	26	0.509
16	27	0.494
16	28	0.445
16	29	0.393
16	30	0.366
16	31	0.341
16	32	0.308
16	33	0.285
16	34	0.348
16	35	0.403
16	36	0.427
16	37	0.413
16	38	0.391
16	39	0.412
16	40	0.452
16	41	0.469
16	42	0.45
16	43	0.427
16	44	0.447
16	45	0.447
16	46	0.431
16	47	0.409
16	48	0.4
16	49	0.391
17	0	0.367
17	1	0.369
17	2	0.36
17	3	0.357
17	4	0.357
17	5	0.357
17	6	0.357
17	7	0.357
17	8	0.364
17	9	0.373
17	10	0.384
17	11	0.39
17	12	0.395
17	13	0.4
17	14	0.412
17	15	0.418
17	16	0.425
17	17	0.36
17	18	0.409
17	19	0.454
17	20	0.444
17	21	0.416
17	22	0.411
17	23	0.392
17	24	0.384
17	25	0.402
17	26	0.446
17	27	0.492
17	28	0.493
17	29	0.444
17	30	0.396
17	31	0.355
17	32	0.328
17	33	0.287
17	34	0.29
17	35	0.362
17	36	0.41
17	37	0.417
17	38	0.407
17	39	0.386
17	40	0.402
17	41	0.412
17	42	0.434
17	43	0.436
17	44	0.42
17	45	0.446
17	46	0.453
17	47	0.43
17	48	0.402
17	49	0.394
18	0	0.374
18	1	0.367
18	2	0.364
18	3	0.357
18	4	0.357
18	5	0.357
18	6	0.357
18	7	0.357
18	8	0.364
18	9	0.361
18	10	0.371
18	11	0.38
18	12	0.387
18	13	0.398
18	14	0.403
18	15	0.411
18	16	0.419
18	17	0.425
18	18	0.358
18	19	0.413
18	20	0.434
18	21	0.432
18	22	0.414
18	23	0.397
18	24	0.382
18	25	0.373
18	26	0.394
18	27	0.431
18	28	0.465
18	29	0.472
18	30	0.44
18	31	0.404
18	32	0.346
18	33	0.306
18	34	0.268
18	35	0.307
18	36	0.374
18	37	0.4
18	38	0.405
18	39	0.389
18	40	0.384
18	41	0.388
18	42	0.39
18	43	0.403
18	44	0.406
18	45	0.413
18	46	0.438
18	47	0.454
18	48	0.434
18	49	0.401
19	0	0.384
19	1	0.374
19	2	0.366
19	3	0.357
19	4	0.357
19	5	0.357
19	6	0.357
19	7	0.357
19	8	0.357
19	9	0.37
19	10	0.367
19	11	0.373
19	12	0.381
19	13	0.391
19	14	0.399
19	15	0.405
19	16	0.413
19	17	0.419
19	18	0.43
19	19	0.363
19	20	0.404
19	21	0.411
19	22	0.419
19	23	0.404
19	24	0.378
19	25	0.37
19	26	0.366
19	27	0.384
19	28	0.422
19	29	0.432
19	30	0.444
19	31	0.449
19	32	0.4
19	33	0.338
19	34	0.29
19	35	0.263
19	36	0.323
19	37	0.375
19	38	0.39
19	39	0.39
19	40	0.375
19	41	0.376
19	42	0.378
19	43	0.385
19	44	0.392
19	45	0.38
19	46	0.401
19	47	0.426
19	48	0.447
19	49	0.435
20	0	0.396
20	1	0.376
20	2	0.368
20	3	0.362
20	4	0.357
20	5	0.357
20	6	0.357
20	7	0.357
20	8	0.357
20	9	0.36
20	10	0.372
20	11	0.368
20	12	0.373
20	13	0.381
20	14	0.398
20	15	0.402
20	16	0.409
20	17	0.415
20	18	0.418
20	19	0.433
20	20	0.369
20	21	0.399
20	22	0.394
20	23	0.405
20	24	0.384
20	25	0.362
20	26	0.355
20	27	0.361
20	28	0.372
20	29	0.399
20	30	0.401
20	31	0.427
20	32	0.446
20	33	0.397
20	34	0.32
20	35	0.268
20	36	0.29
20	37	0.335
20	38	0.362
20	39	0.378
20	40	0.38
20	41	0.363
20	42	0.368
20	43	0.372
20	44	0.378
20	45	0.368
20	46	0.376
20	47	0.398
20	48	0.413
20	49	0.429
21	0	0.428
21	1	0.385
21	2	0.374
21	3	0.361
21	4	0.357
21	5	0.357
21	6	0.357
21	7	0.357
21	8	0.357
21	9	0.357
21	10	0.366
21	11	0.373
21	12	0.368
21	13	0.374
21	14	0.388
21	15	0.398
21	16	0.407
21	17	0.412
21	18	0.416
21	19	0.421
21	20	0.435
21	21	0.365
21	22	0.387
21	23	0.387
21	24	0.394
21	25	0.361
21	26	0.347
21	27	0.34
21	28	0.358
21	29	0.364
21	30	0.372
21	31	0.381
21	32	0.428
21	33	0.431
21	34	0.368
21	35	0.293
21	36	0.258
21	37	0.306
21	38	0.349
21	39	0.354
21	40	0.362
21	41	0.363
21	42	0.356
21	43	0.355
21	44	0.357
21	45	0.353
21	46	0.346
21	47	0.375
21	48	0.393
21	49	0.407
22	0	0.409
22	1	0.409
22	2	0.381
22	3	0.368
22	4	0.357
22	5	0.357
22	6	0.357
22	7	0.357
22	8	0.357
22	9	0.357
22	10	0.357
22	11	0.371
22	12	0.372
22	13	0.37
22	14	0.381
22	15	0.404
22	16	0.403
22	17	0.409
22	18	0.415
22	19	0.42
22	20	0.424
22	21	0.436
22	22	0.356
22	23	0.378
22	24	0.381
22	25	0.377
22	26	0.348
22	27	0.339
22	28	0.336
22	29	0.345
22	30	0.35
22	31	0.358
22	32	0.38
22	33	0.411
22	34	0.39
22	35	0.325
22	36	0.27
22	37	0.267
22	38	0.322
22	39	0.35
22	40	0.35
22	41	0.356
22	42	0.349
22	43	0.344
22	44	0.349
22	45	0.337
22	46	0.313
22	47	0.327
22	48	0.384
22	49	0.39
23	0	0.396
23	1	0.399
23	2	0.387
23	3	0.375
23	4	0.357
23	5	0.357
23	6	0.357
23	7	0.357
23	8	0.357
23	9	0.357
23	10	0.366
23	11	0.367
23	12	0.375
23	13	0.371
23	14	0.384
23	15	0.427
23	16	0.411
23	17	0.41
23	18	0.413
23	19	0.416
23	20	0.422
23	21	0.426
23	22	0.437
23	23	0.355
23	24	0.367
23	25	0.368
23	26	0.355
23	27	0.336
23	28	0.332
23	29	0.335
23	30	0.336
23	31	0.343
23	32	0.357
23	33	0.389
23	34	0.393
23	35	0.347
23	36	0.29
23	37	0.251
23	38	0.281
23	39	0.334
23	40	0.346
23	41	0.345
23	42	0.347
23	43	0.338
23	44	0.345
23	45	0.336
23	46	0.325
23	47	0.32
23	48	0.332
23	49	0.362
24	0	0.376
24	1	0.386
24	2	0.386
24	3	0.38
24	4	0.361
24	5	0.357
24	6	0.357
24	7	0.357
24	8	0.357
24	9	0.358
24	10	0.365
24	11	0.368
24	12	0.374
24	13	0.374
24	14	0.371
24	15	0.403
24	16	0.431
24	17	0.411
24	18	0.417
24	19	0.414
24	20	0.42
24	21	0.426
24	22	0.428
24	23	0.434
24	24	0.353
24	25	0.358
24	26	0.355
24	27	0.338
24	28	0.331
24	29	0.33
24	30	0.336
24	31	0.338
24	32	0.336
24	33	0.354
24	34	0.388
24	35	0.359
24	36	0.306
24	37	0.266
24	38	0.247
24	39	0.292
24	40	0.34
24	41	0.344
24	42	0.346
24	43	0.34
24	44	0.333
24	45	0.337
24	46	0.331
24	47	0.312
24	48	0.354
24	49	0.359
25	0	0.354
25	1	0.378
25	2	0.38
25	3	0.377
25	4	0.364
25	5	0.357
25	6	0.357
25	7	0.361
25	8	0.363
25	9	0.362
25	10	0.365
25	11	0.368
25	12	0.369
25	13	0.377
25	14	0.373
25	15	0.375
25	16	0.409
25	17	0.417
25	18	0.415
25	19	0.425
25	20	0.415
25	21	0.422
25	22	0.43
25	23	0.432
25	24	0.435
25	25	0.353
25	26	0.349
25	27	0.334
25	28	0.327
25	29	0.323
25	30	0.324
25	31	0.344
25	32	0.346
25	33	0.335
25	34	0.352
25	35	0.372
25	36	0.327
25	37	0.289
25	38	0.238
25	39	0.248
25	40	0.299
25	41	0.317
25	42	0.324
25	43	0.331
25	44	0.321
25	45	0.324
25	46	0.328
25	47	0.321
25	48	0.316
25	49	0.401
26	0	0.404
26	1	0.356
26	2	0.364
26	3	0.371
26	4	0.356
26	5	0.356
26	6	0.357
26	7	0.365
26	8	0.367
26	9	0.367
26	10	0.366
26	11	0.367
26	12	0.367
26	13	0.372
26	14	0.379
26	15	0.373
26	16	0.38
26	17	0.414
26	18	0.412
26	19	0.421
26	20	0.431
26	21	0.418
26	22	0.428
26	23	0.436
26	24	0.432
26	25	0.44
26	26	0.353
26	27	0.336
26	28	0.325
26	29	0.318
26	30	0.314
26	31	0.319
26	32	0.348
26	33	0.355
26	34	0.337
26	35	0.352
26	36	0.344
26	37	0.308
26	38	0.272
26	39	0.201
26	40	0.228
26	41	0.266
26	42	0.284
26	43	0.297
26	44	0.297
26	45	0.297
26	46	0.297
26	47	0.297
26	48	0.297
26	49	0.36
27	0	0.461
27	1	0.45
27	2	0.356
27	3	0.356
27	4	0.356
27	5	0.356
27	6	0.356
27	7	0.362
27	8	0.371
27	9	0.37
27	10	0.369
27	11	0.368
27	12	0.369
27	13	0.372
27	14	0.381
27	15	0.379
27	16	0.376
27	17	0.388
27	18	0.422
27	19	0.41
27	20	0.424
27	21	0.427
27	22	0.429
27	23	0.428
27	24	0.438
27	25	0.433
27	26	0.447
27	27	0.342
27	28	0.319
27	29	0.318
27	30	0.31
27	31	0.309
27	32	0.318
27	33	0.357
27	34	0.385
27	35	0.337
27	36	0.346
27	37	0.326
27	38	0.289
27	39	0.208
27	40	0.222
27	41	0.249
27	42	0.247
27	43	0.267
27	44	0.297
27	45	0.297
27	46	0.312
27	47	0.318
27	48	0.322
27	49	0.348
28	0	0.397
28	1	0.507
28	2	0.445
28	3	0.356
28	4	0.356
28	5	0.356
28	6	0.356
28	7	0.364
28	8	0.367
28	9	0.368
28	10	0.369
28	11	0.371
28	12	0.371
28	13	0.377
28	14	0.38
28	15	0.382
28	16	0.377
28	17	0.376
28	18	0.421
28	19	0.406
28	20	0.412
28	21	0.427
28	22	0.428
28	23	0.428
28	24	0.428
28	25	0.44
28	26	0.434
28	27	0.449
28	28	0.331
28	29	0.32
28	30	0.304
28	31	0.3
28	32	0.307
28	33	0.321
28	34	0.375
28	35	0.4
28	36	0.351
28	37	0.332
28	38	0.312
28	39	0.239
28	40	0.215
28	41	0.248
28	42	0.272
28	43	0.283
28	44	0.295
28	45	0.298
28	46	0.322
28	47	0.338
28	48	0.341
28	49	0.343
29	0	0.374
29	1	0.432
29	2	0.499
29	3	0.421
29	4	0.384
29	5	0.356
29	6	0.371
29	7	0.37
29	8	0.377
29	9	0.373
29	10	0.37
29	11	0.375
29	12	0.379
29	13	0.375
29	14	0.382
29	15	0.388
29	16	0.383
29	17	0.381
29	18	0.383
29	19	0.425
29	20	0.402
29	21	0.415
29	22	0.435
29	23	0.432
29	24	0.43
29	25	0.436
29	26	0.442
29	27	0.441
29	28	0.45
29	29	0.321
29	30	0.316
29	31	0.306
29	32	0.294
29	33	0.301
29	34	0.325
29	35	0.378
29	36	0.417
29	37	0.356
29	38	0.314
29	39	0.274
29	40	0.193
29	41	0.241
29	42	0.293
29	43	0.319
29	44	0.33
29	45	0.338
29	46	0.333
29	47	0.347
29	48	0.373
29	49	0.36
30	0	0.367
30	1	0.392
30	2	0.442
30	3	0.468
30	4	0.413
30	5	0.398
30	6	0.399
30	7	0.394
30	8	0.396
30	9	0.393
30	10	0.382
30	11	0.378
30	12	0.38
30	13	0.382
30	14	0.381
30	15	0.386
30	16	0.385
30	17	0.386
30	18	0.386
30	19	0.398
30	20	0.416
30	21	0.404
30	22	0.423
30	23	0.435
30	24	0.432
30	25	0.434
30	26	0.444
30	27	0.442
30	28	0.442
30	29	0.45
30	30	0.315
30	31	0.305
30	32	0.297
30	33	0.293
30	34	0.299
30	35	0.325
30	36	0.375
30	37	0.431
30	38	0.348
30	39	0.293
30	40	0.193
30	41	0.234
30	42	0.299
30	43	0.342
30	44	0.362
30	45	0.377
30	46	0.379
30	47	0.361
30	48	0.374
30	49	0.4
31	0	0.376
31	1	0.379
31	2	0.412
31	3	0.443
31	4	0.436
31	5	0.41
31	6	0.42
31	7	0.429
31	8	0.414
31	9	0.409
31	10	0.407
31	11	0.391
31	12	0.389
31	13	0.385
31	14	0.388
31	15	0.384
31	16	0.386
31	17	0.386
31	18	0.393
31	19	0.391
31	20	0.406
31	21	0.403
31	22	0.41
31	23	0.429
31	24	0.434
31	25	0.429
31	26	0.441
31	27	0.446
31	28	0.443
31	29	0.443
31	30	0.451
31	31	0.314
31	32	0.301
31	33	0.295
31	34	0.287
31	35	0.298
31	36	0.324
31	37	0.358
31	38	0.374
31	39	0.311
31	40	0.193
31	41	0.215
31	42	0.291
31	43	0.361
31	44	0.4
31	45	0.411
31	46	0.412
31	47	0.409
31	48	0.387
31	49	0.4
32	0	0.415
32	1	0.384
32	2	0.394
32	3	0.418
32	4	0.433
32	5	0.434
32	6	0.415
32	7	0.44
32	8	0.454
32	9	0.437
32	10	0.43
32	11	0.421
32	12	0.396
32	13	0.395
32	14	0.392
32	15	0.392
32	16	0.388
32	17	0.385
32	18	0.388
32	19	0.396
32	20	0.395
32	21	0.405
32	22	0.404
32	23	0.412
32	24	0.42
32	25	0.427
32	26	0.43
32	27	0.446
32	28	0.444
32	29	0.443
32	30	0.445
32	31	0.45
32	32	0.312
32	33	0.293
32	34	0.284
32	35	0.283
32	36	0.296
32	37	0.318
32	38	0.343
32	39	0.329
32	40	0.279
32	41	0.193
32	42	0.247
32	43	0.352
32	44	0.43
32	45	0.461
32	46	0.447
32	47	0.433
32	48	0.426
32	49	0.405
33	0	0.414
33	1	0.423
33	2	0.398
33	3	0.422
33	4	0.429
33	5	0.432
33	6	0.442
33	7	0.423
33	8	0.452
33	9	0.486
33	10	0.472
33	11	0.452
33	12	0.441
33	13	0.4
33	14	0.401
33	15	0.4
33	16	0.402
33	17	0.393
33	18	0.389
33	19	0.39
33	20	0.394
33	21	0.398
33	22	0.402
33	23	0.407
33	24	0.417
33	25	0.416
33	26	0.427
33	27	0.442
33	28	0.444
33	29	0.444
33	30	0.445
33	31	0.448
33	32	0.453
33	33	0.303
33	34	0.284
33	35	0.279
33	36	0.281
33	37	0.294
33	38	0.313
33	39	0.333
33	40	0.304
33	41	0.239
33	42	0.193
33	43	0.292
33	44	0.411
33	45	0.482
33	46	0.517
33	47	0.479
33	48	0.458
33	49	0.444
34	0	0.421
34	1	0.429
34	2	0.421
34	3	0.401
34	4	0.446
34	5	0.438
34	6	0.438
34	7	0.454
34	8	0.433
34	9	0.462
34	10	0.497
34	11	0.492
34	12	0.48
34	13	0.449
34	14	0.404
34	15	0.429
34	16	0.401
34	17	0.409
34	18	0.396
34	19	0.391
34	20	0.395
34	21	0.395
34	22	0.403
34	23	0.404
34	24	0.413
34	25	0.422
34	26	0.42
34	27	0.428
34	28	0.456
34	29	0.441
34	30	0.445
34	31	0.448
34	32	0.451
34	33	0.454
34	34	0.296
34	35	0.283
34	36	0.274
34	37	0.282
34	38	0.291
34	39	0.311
34	40	0.314
34	41	0.29
34	42	0.193
34	43	0.23
34	44	0.317
34	45	0.442
34	46	0.519
34	47	0.556
34	48	0.527
34	49	0.473
35	0	0.457
35	1	0.435
35	2	0.44
35	3	0.425
35	4	0.412
35	5	0.458
35	6	0.463
35	7	0.473
35	8	0.47
35	9	0.443
35	10	0.469
35	11	0.49
35	12	0.497
35	13	0.484
35	14	0.456
35	15	0.412
35	16	0.423
35	17	0.401
35	18	0.418
35	19	0.396
35	20	0.394
35	21	0.4
35	22	0.398
35	23	0.406
35	24	0.404
35	25	0.423
35	26	0.425
35	27	0.425
35	28	0.435
35	29	0.456
35	30	0.442
35	31	0.448
35	32	0.454
35	33	0.453
35	34	0.456
35	35	0.29
35	36	0.282
35	37	0.27
35	38	0.282
35	39	0.287
35	40	0.303
35	41	0.303
35	42	0.264
35	43	0.193
35	44	0.266
35	45	0.344
35	46	0.443
35	47	0.512
35	48	0.539
35	49	0.569
36	0	0.491
36	1	0.475
36	2	0.449
36	3	0.447
36	4	0.426
36	5	0.434
36	6	0.471
36	7	0.488
36	8	0.504
36	9	0.477
36	10	0.449
36	11	0.46
36	12	0.485
36	13	0.498
36	14	0.481
36	15	0.439
36	16	0.428
36	17	0.407
36	18	0.403
36	19	0.409
36	20	0.396
36	21	0.397
36	22	0.403
36	23	0.401
36	24	0.407
36	25	0.412
36	26	0.419
36	27	0.427
36	28	0.425
36	29	0.448
36	30	0.444
36	31	0.444
36	32	0.447
36	33	0.452
36	34	0.452
36	35	0.453
36	36	0.288
36	37	0.28
36	38	0.27
36	39	0.278
36	40	0.284
36	41	0.293
36	42	0.285
36	43	0.217
36	44	0.203
36	45	0.302
36	46	0.364
36	47	0.436
36	48	0.506
36	49	0.533
37	0	0.563
37	1	0.528
37	2	0.504
37	3	0.46
37	4	0.448
37	5	0.436
37	6	0.455
37	7	0.502
37	8	0.523
37	9	0.518
37	10	0.454
37	11	0.448
37	12	0.471
37	13	0.492
37	14	0.485
37	15	0.456
37	16	0.434
37	17	0.432
37	18	0.403
37	19	0.404
37	20	0.399
37	21	0.4
37	22	0.401
37	23	0.403
37	24	0.402
37	25	0.406
37	26	0.415
37	27	0.417
37	28	0.419
37	29	0.428
37	30	0.453
37	31	0.442
37	32	0.446
37	33	0.442
37	34	0.448
37	35	0.451
37	36	0.451
37	37	0.286
37	38	0.286
37	39	0.272
37	40	0.275
37	41	0.274
37	42	0.28
37	43	0.273
37	44	0.182
37	45	0.234
37	46	0.317
37	47	0.36
37	48	0.397
37	49	0.458
38	0	0.508
38	1	0.535
38	2	0.529
38	3	0.515
38	4	0.475
38	5	0.453
38	6	0.441
38	7	0.471
38	8	0.518
38	9	0.544
38	10	0.517
38	11	0.446
38	12	0.447
38	13	0.486
38	14	0.518
38	15	0.482
38	16	0.455
38	17	0.442
38	18	0.437
38	19	0.401
38	20	0.402
38	21	0.401
38	22	0.404
38	23	0.407
38	24	0.405
38	25	0.404
38	26	0.405
38	27	0.415
38	28	0.415
38	29	0.42
38	30	0.432
38	31	0.44
38	32	0.439
38	33	0.445
38	34	0.441
38	35	0.448
38	36	0.449
38	37	0.452
38	38	0.282
38	39	0.29
38	40	0.278
38	41	0.269
38	42	0.266
38	43	0.276
38	44	0.251
38	45	0.185
38	46	0.269
38	47	0.321
38	48	0.354
38	49	0.377
39	0	0.429
39	1	0.475
39	2	0.531
39	3	0.561
39	4	0.533
39	5	0.478
39	6	0.456
39	7	0.446
39	8	0.501
39	9	0.509
39	10	0.529
39	11	0.493
39	12	0.448
39	13	0.453
39	14	0.514
39	15	0.526
39	16	0.491
39	17	0.464
39	18	0.456
39	19	0.439
39	20	0.401
39	21	0.399
39	22	0.403
39	23	0.411
39	24	0.412
39	25	0.409
39	26	0.403
39	27	0.405
39	28	0.414
39	29	0.415
39	30	0.42
39	31	0.439
39	32	0.433
39	33	0.435
39	34	0.441
39	35	0.44
39	36	0.444
39	37	0.449
39	38	0.453
39	39	0.285
39	40	0.293
39	41	0.273
39	42	0.265
39	43	0.26
39	44	0.265
39	45	0.207
39	46	0.216
39	47	0.3
39	48	0.334
39	49	0.348
40	0	0.371
40	1	0.418
40	2	0.441
40	3	0.509
40	4	0.577
40	5	0.582
40	6	0.505
40	7	0.454
40	8	0.446
40	9	0.476
40	10	0.493
40	11	0.489
40	12	0.465
40	13	0.46
40	14	0.484
40	15	0.538
40	16	0.522
40	17	0.501
40	18	0.473
40	19	0.475
40	20	0.445
40	21	0.4
40	22	0.4
40	23	0.405
40	24	0.424
40	25	0.417
40	26	0.41
40	27	0.405
40	28	0.406
40	29	0.409
40	30	0.416
40	31	0.423
40	32	0.44
40	33	0.433
40	34	0.435
40	35	0.438
40	36	0.44
40	37	0.445
40	38	0.45
40	39	0.458
40	40	0.29
40	41	0.303
40	42	0.292
40	43	0.258
40	44	0.253
40	45	0.246
40	46	0.191
40	47	0.257
40	48	0.311
40	49	0.337
41	0	0.344
41	1	0.366
41	2	0.405
41	3	0.426
41	4	0.466
41	5	0.547
41	6	0.562
41	7	0.509
41	8	0.441
41	9	0.446
41	10	0.46
41	11	0.46
41	12	0.46
41	13	0.457
41	14	0.481
41	15	0.535
41	16	0.586
41	17	0.541
41	18	0.51
41	19	0.477
41	20	0.496
41	21	0.446
41	22	0.399
41	23	0.398
41	24	0.422
41	25	0.447
41	26	0.428
41	27	0.412
41	28	0.407
41	29	0.407
41	30	0.409
41	31	0.415
41	32	0.427
41	33	0.439
41	34	0.434
41	35	0.436
41	36	0.438
41	37	0.437
41	38	0.445
41	39	0.451
41	40	0.459
41	41	0.298
41	42	0.336
41	43	0.335
41	44	0.27
41	45	0.249
41	46	0.205
41	47	0.209
41	48	0.283
41	49	0.318
42	0	0.333
42	1	0.345
42	2	0.361
42	3	0.397
42	4	0.418
42	5	0.458
42	6	0.499
42	7	0.511
42	8	0.472
42	9	0.432
42	10	0.44
42	11	0.441
42	12	0.443
42	13	0.441
42	14	0.448
42	15	0.483
42	16	0.554
42	17	0.627
42	18	0.577
42	19	0.538
42	20	0.487
42	21	0.505
42	22	0.435
42	23	0.399
42	24	0.398
42	25	0.468
42	26	0.47
42	27	0.454
42	28	0.412
42	29	0.409
42	30	0.408
42	31	0.411
42	32	0.417
42	33	0.424
42	34	0.436
42	35	0.433
42	36	0.436
42	37	0.44
42	38	0.437
42	39	0.44
42	40	0.452
42	41	0.46
42	42	0.309
42	43	0.36
42	44	0.372
42	45	0.311
42	46	0.244
42	47	0.168
42	48	0.233
42	49	0.291
43	0	0.315
43	1	0.327
43	2	0.335
43	3	0.358
43	4	0.388
43	5	0.422
43	6	0.446
43	7	0.468
43	8	0.477
43	9	0.446
43	10	0.425
43	11	0.431
43	12	0.429
43	13	0.43
43	14	0.441
43	15	0.456
43	16	0.48
43	17	0.522
43	18	0.601
43	19	0.608
43	20	0.586
43	21	0.505
43	22	0.505
43	23	0.421
43	24	0.397
43	25	0.403
43	26	0.494
43	27	0.488
43	28	0.46
43	29	0.408
43	30	0.41
43	31	0.413
43	32	0.411
43	33	0.417
43	34	0.424
43	35	0.43
43	36	0.432
43	37	0.433
43	38	0.439
43	39	0.437
43	40	0.441
43	41	0.45
43	42	0.464
43	43	0.316
43	44	0.369
43	45	0.39
43	46	0.335
43	47	0.225
43	48	0.167
43	49	0.237
44	0	0.291
44	1	0.315
44	2	0.32
44	3	0.336
44	4	0.357
44	5	0.379
44	6	0.418
44	7	0.431
44	8	0.448
44	9	0.453
44	10	0.437
44	11	0.414
44	12	0.419
44	13	0.425
44	14	0.437
44	15	0.454
44	16	0.468
44	17	0.481
44	18	0.51
44	19	0.552
44	20	0.607
44	21	0.617
44	22	0.517
44	23	0.487
44	24	0.411
44	25	0.397
44	26	0.433
44	27	0.479
44	28	0.457
44	29	0.407
44	30	0.408
44	31	0.413
44	32	0.417
44	33	0.416
44	34	0.417
44	35	0.421
44	36	0.427
44	37	0.432
44	38	0.433
44	39	0.438
44	40	0.439
44	41	0.442
44	42	0.445
44	43	0.456
44	44	0.324
44	45	0.373
44	46	0.381
44	47	0.327
44	48	0.206
44	49	0.166
45	0	0.24
45	1	0.294
45	2	0.312
45	3	0.318
45	4	0.333
45	5	0.358
45	6	0.378
45	7	0.409
45	8	0.422
45	9	0.437
45	10	0.437
45	11	0.425
45	12	0.407
45	13	0.411
45	14	0.426
45	15	0.453
45	16	0.475
45	17	0.476
45	18	0.481
45	19	0.505
45	20	0.534
45	21	0.576
45	22	0.593
45	23	0.522
45	24	0.471
45	25	0.405
45	26	0.401
45	27	0.44
45	28	0.457
45	29	0.429
45	30	0.407
45	31	0.411
45	32	0.418
45	33	0.421
45	34	0.422
45	35	0.42
45	36	0.42
45	37	0.426
45	38	0.431
45	39	0.435
45	40	0.438
45	41	0.438
45	42	0.444
45	43	0.446
45	44	0.445
45	45	0.326
45	46	0.363
45	47	0.357
45	48	0.304
45	49	0.149
46	0	0.17
46	1	0.25
46	2	0.293
46	3	0.307
46	4	0.314
46	5	0.319
46	6	0.351
46	7	0.381
46	8	0.402
46	9	0.413
46	10	0.421
46	11	0.423
46	12	0.415
46	13	0.404
46	14	0.413
46	15	0.426
46	16	0.465
46	17	0.487
46	18	0.482
46	19	0.475
46	20	0.517
46	21	0.548
46	22	0.554
46	23	0.553
46	24	0.513
46	25	0.454
46	26	0.402
46	27	0.411
46	28	0.436
46	29	0.428
46	30	0.416
46	31	0.409
46	32	0.417
46	33	0.425
46	34	0.427
46	35	0.428
46	36	0.429
46	37	0.428
46	38	0.428
46	39	0.435
46	40	0.437
46	41	0.438
46	42	0.438
46	43	0.445
46	44	0.448
46	45	0.446
46	46	0.331
46	47	0.366
46	48	0.336
46	49	0.281
47	0	0.149
47	1	0.182
47	2	0.263
47	3	0.297
47	4	0.311
47	5	0.311
47	6	0.311
47	7	0.348
47	8	0.379
47	9	0.398
47	10	0.404
47	11	0.411
47	12	0.412
47	13	0.403
47	14	0.405
47	15	0.416
47	16	0.431
47	17	0.469
47	18	0.482
47	19	0.469
47	20	0.471
47	21	0.537
47	22	0.566
47	23	0.538
47	24	0.513
47	25	0.504
47	26	0.44
47	27	0.406
47	28	0.415
47	29	0.425
47	30	0.423
47	31	0.418
47	32	0.424
47	33	0.422
47	34	0.431
47	35	0.434
47	36	0.438
47	37	0.438
47	38	0.436
47	39	0.433
47	40	0.44
47	41	0.445
47	42	0.443
47	43	0.441
47	44	0.449
47	45	0.45
47	46	0.452
47	47	0.339
47	48	0.366
47	49	0.347
48	0	0.259
48	1	0.149
48	2	0.203
48	3	0.27
48	4	0.306
48	5	0.311
48	6	0.311
48	7	0.317
48	8	0.343
48	9	0.375
48	10	0.391
48	11	0.397
48	12	0.405
48	13	0.404
48	14	0.398
48	15	0.406
48	16	0.416
48	17	0.438
48	18	0.462
48	19	0.466
48	20	0.46
48	21	0.466
48	22	0.55
48	23	0.54
48	24	0.506
48	25	0.475
48	26	0.477
48	27	0.431
48	28	0.416
48	29	0.417
48	30	0.445
48	31	0.449
48	32	0.437
48	33	0.441
48	34	0.432
48	35	0.434
48	36	0.446
48	37	0.445
48	38	0.445
48	39	0.441
48	40	0.437
48	41	0.445
48	42	0.448
48	43	0.447
48	44	0.449
48	45	0.454
48	46	0.452
48	47	0.455
48	48	0.333
48	49	0.358
49	0	0.332
49	1	0.234
49	2	0.149
49	3	0.218
49	4	0.275
49	5	0.305
49	6	0.307
49	7	0.31
49	8	0.321
49	9	0.343
49	10	0.371
49	11	0.384
49	12	0.397
49	13	0.398
49	14	0.4
49	15	0.4
49	16	0.404
49	17	0.413
49	18	0.428
49	19	0.443
49	20	0.452
49	21	0.45
49	22	0.466
49	23	0.564
49	24	0.538
49	25	0.492
49	26	0.458
49	27	0.447
49	28	0.419
49	29	0.422
49	30	0.428
49	31	0.48
49	32	0.477
49	33	0.456
49	34	0.457
49	35	0.46
49	36	0.448
49	37	0.455
49	38	0.451
49	39	0.452
49	40	0.446
49	41	0.442
49	42	0.45
49	43	0.452
49	44	0.45
49	45	0.454
49	46	0.459
49	47	0.457
49	48	0.46
49	49	0.325
50	0	0.348
50	1	0.291
50	2	0.149
50	3	0.162
50	4	0.23
50	5	0.281
50	6	0.301
50	7	0.303
50	8	0.313
50	9	0.324
50	10	0.342
50	11	0.372
50	12	0.376
50	13	0.386
50	14	0.4
50	15	0.401
50	16	0.396
50	17	0.408
50	18	0.411
50	19	0.425
50	20	0.43
50	21	0.442
50	22	0.441
50	23	0.466
50	24	0.51
50	25	0.524
50	26	0.48
50	27	0.446
50	28	0.421
50	29	0.412
50	30	0.421
50	31	0.439
50	32	0.487
50	33	0.502
50	34	0.471
50	35	0.467
50	36	0.48
50	37	0.459
50	38	0.459
50	39	0.458
50	40	0.454
50	41	0.448
50	42	0.448
50	43	0.452
50	44	0.454
50	45	0.452
50	46	0.456
50	47	0.462
50	48	0.459
50	49	0.46
